0 0
996.3660000041127 0
1358.1080000028014 1
1358.3500000014901 1
1378.5790000036359 4345
1398.7819999977946 10137
1398.7980000004172 11585
1418.969000004232 17377
1419.0790000036359 20273
1439.149000003934 27513
1439.1840000003576 33305
1439.2159999981523 34753
1439.2889999970794 36201
1459.3020000010729 43441
1459.5350000038743 52129
1459.5720000043511 56473
1479.3849999979138 60817
1479.6620000004768 68057
1479.8669999986887 79641
1499.5090000033379 81089
1500.0590000003576 92673
1519.6199999973178 101361
1519.7360000014305 117289
1520.210000000894 121633
1539.8910000026226 134665
1540.1160000041127 141905
1540.597000002861 160729
1560.002999998629 162177
1560.1419999971986 181001
1560.5659999996424 185345
1580.0310000032187 207065
1587.1719999983907 208513
1587.4010000005364 238921
1607.4619999974966 254849
1607.5649999976158 269329
1607.6660000011325 282361
1644.3980000019073 304081
1644.515000000596 320009
1704.3760000020266 328697
1824.3589999973774 334489
2270.4210000038147 337385
2295.3430000022054 337641
2315.429999999702 355017
2315.442000001669 356465
2315.450999997556 357657
2364.60000000149 366345
2448.3980000019073 372137
2619.634999997914 373585
2620.1789999976754 388065
2708.4189999997616 395305
2780.4460000023246 412681
2858.1059999987483 417025
2858.2239999994636 432953
2908.2410000041127 448881
2908.402000002563 470601
2968.4109999984503 482185
3040.3980000019073 492321
3138.359999999404 495217
3150.5040000006557 508249
3179.9230000004172 529969
3180.0410000011325 545897
3200.1600000038743 556033
3227.103000000119 570513
3227.1960000023246 583545
3247.1789999976754 593681
3284.5960000008345 612505
3364.399000003934 621193
3417.6710000038147 624089
3429.5560000017285 638569
3459.7580000013113 654497
3459.782999999821 658841
3471.5930000022054 677665
3484.2999999970198 696489
3496.5869999974966 716761
3540.527000002563 734137
3608.4139999970794 760201
3698.6169999986887 767441
3698.642999999225 771785
3718.799000002444 786265
3751.7709999978542 800745
3751.8280000016093 809433
3771.835000000894 823913
3828.432999998331 839841
3916.5319999977946 847081
3984.8240000009537 851425
4004.9219999983907 870249
4064.615000002086 884729
4184.495999999344 896313
4608.420000001788 899209
5208.424000002444 899848
5988.355000004172 899848
6106.237000003457 899849
6176.813000001013 917225
6176.83900000155 921569
6320.574000000954 922377
6378.167999997735 929617
6398.4039999991655 938305
6468.557000003755 948441
6548.5560000017285 960025
6708.5560000017285 973057
6896.490000002086 987537
6896.561000004411 997673
6948.913999997079 1003465
7012.483000002801 1020841
7080.800999999046 1028081
7220.880999997258 1029529
7220.914999999106 1035321
7241.171999998391 1048353
7262.524000003934 1055593
7282.832000002265 1072969
7340.579000003636 1096137
7340.682999998331 1110617
7404.5830000042915 1119305
7472.609999999404 1126545
7504.33900000155 1127993
7517.197999998927 1145369
7540.559000000358 1148265
7600.564999997616 1175777
7600.634999997914 1185913
7664.592000000179 1206185
7664.717000000179 1223561
7729.06400000304 1238041
7796.586999997497 1255417
7823.648000001907 1259761
7823.6660000011325 1261209
7843.869000002742 1293065
7849.646999999881 1301753
7887.902000002563 1329265
7887.994999997318 1342297
7944.796999998391 1368361
7944.901000000536 1382841
7965.061999998987 1375601
7965.090999998152 1410353
7965.168999999762 1411801
7965.379000000656 1413249
8024.729000002146 1414697
8061.159000001848 1419041
8081.3889999985695 1423385
8103.574000000954 1429177
8123.817000001669 1436417
8161.8880000039935 1445105
8182.3180000036955 1455241
8240.625 1463929
8262.307999998331 1476961
8320.615000002086 1491441
8340.733999997377 1504473
8352.108000002801 1513161
8384.173000000417 1523297
8404.358999997377 1543569
8430.427000001073 1545017
8481.401000000536 1569633
8481.517999999225 1585561
8518.855999998748 1597145
8539.013000003994 1626105
8576.530000001192 1627553
8636.554999999702 1659409
8636.626000002027 1669545
8700.634999997914 1691265
8720.758000001311 1717329
8721.721000000834 1724569
8780.895999997854 1750633
8780.998999997973 1765113
8820.390000000596 1785385
8840.626000002027 1812897
8840.961999997497 1830273
8860.715000003576 1841857
8900.644000001252 1854889
8900.681000001729 1860681
8960.697000004351 1891089
8980.961999997497 1925841
9032.542999997735 1931633
9052.781999997795 1969281
9091.903999999166 1983761
9091.950999997556 1991001
9131.906000003219 2021409
9188.612000003457 2059057
9208.939999997616 2086569
9252.594999998808 2115529
9272.895000003278 2151729
9304.770000003278 2172001
9337.60000000149 2211097
9337.637000001967 2216889
9396.64999999851 2250193
9442.77199999988 2290737
9442.954999998212 2315353
9500.549000002444 2331281
9541.778999999166 2350105
9542.237999998033 2354449
9562.141000002623 2371825
9600.726000003517 2387753
9637.54999999702 2396441
9638.092000000179 2415265
9696.612000003457 2436985
9760.557000003755 2455809
9852.732000000775 2460153
9917.817000001669 2461601
9928.824000000954 2480425
9963.270999997854 2503593
9963.443000003695 2526761
10020.625 2545585
10060.967000000179 2578889
10081.067000001669 2606401
10081.093000002205 2610745
10110.77499999851 2623777
10168.630999997258 2646945
10263.06400000304 2652737
10263.258000001311 2654185
10283.33900000155 2673009
10283.354000002146 2675905
10286.722000002861 2690385
10340.66099999845 2707761
10348.831000000238 2716449
10408.6780000031 2733825
10496.755999997258 2741065
10946.359999999404 2742513
11549.348999999464 2743792
12336.406999997795 2743792
13891.420000001788 2743792
16982.41399999708 2743792
23145.42199999839 2743792
35453.34700000286 2743792
60048.41399999708 2743792
73042.3430000022 2743793
73092.50400000066 2761169
73112.71900000423 2769857
73173.99100000411 2777097
73269.98399999738 2788681
73394.0869999975 2801713
73394.11299999803 2806057
73394.11699999869 2806225
73498.05799999833 2809121
74049.35400000215 2810569
74488.41399999708 2811081
74526.00400000066 2818321
74690.04299999774 2824113
74747.41700000316 2831353
74767.56300000101 2840041
74785.85100000352 2847281
74846.02499999851 2851625
74974.01200000197 2864657
74974.0549999997 2871385
75021.22800000012 2878625
75061.04600000381 2894553
75118.04600000381 2913377
75182.08200000226 2935097
75182.09600000083 2936545
75274.15399999917 2958265
75303.68200000376 2982881
75369.95600000024 3001705
75402.24400000274 3027769
75422.67599999905 3052385
75451.7899999991 3062521
75451.81100000441 3066865
75510.04500000179 3079897
75623.89800000191 3084241
75624.42400000244 3101617
75647.51399999857 3116097
75647.63099999726 3132025
75706.15399999917 3149401
75769.97600000352 3184153
75845.96999999881 3208769
75871.26799999923 3214561
75891.42000000179 3234833
75913.05099999905 3252209
75933.42599999905 3275377
75933.45000000298 3279721
75970.07599999756 3291305
76050.06100000441 3301441
76083.49400000274 3304337
76146.00900000334 3323161
76155.013000004 3327505
76167.86299999803 3343433
76167.87600000203 3344881
76196.64999999851 3362257
76196.97699999809 3370945
76254.10500000417 3389769
76341.99499999732 3397009
76378.02000000328 3398457
76378.15399999917 3410041
76441.98799999803 3428865
76468.49400000274 3437553
76488.86500000209 3463617
76526.00800000131 3475201
76590.04900000244 3492577
76664.34700000286 3496921
76667.39299999923 3507057
76713.88599999994 3522985
76725.6780000031 3528777
76730.07599999756 3540361
76751.32999999821 3562081
76810.08900000155 3602625
76810.10899999738 3605521
76870.13599999994 3635929
76958.10000000149 3644617
76975.64599999785 3647513
77007.08900000155 3664889
77007.125 3670681
77031.7480000034 3688057
77063.05399999768 3709777
77083.30200000107 3730049
77083.34099999815 3735841
77126.1230000034 3747425
77206.22399999946 3754665
77306.2100000009 3756113
77346.17499999702 3772041
77346.55799999833 3776385
77358.4600000009 3792313
77406.08100000024 3801001
77478.10100000352 3832857
77558.1780000031 3841545
77600.57400000095 3844441
77620.79699999839 3863265
77620.82500000298 3866161
77646.09000000358 3877745
77646.625 3900913
77706.13199999928 3921185
77706.20300000161 3931321
77770.09700000286 3944353
77854.61500000209 3950145
77854.69600000232 3951593
77883.59400000423 3967521
77907.98600000143 3990689
77948.86699999869 4009513
78006.08600000292 4032681
78070.01600000262 4050057
78139.36500000209 4054401
78218.35899999738 4071777
78218.3730000034 4074673
78223.89800000191 4076121
78282.12799999863 4093497
78370.13700000197 4099289
78422.67400000244 4100737
78502.10300000012 4118113
78662.19399999827 4122457
78711.38199999928 4123905
78781.71500000358 4139833
78802.04999999702 4160105
78850.13599999994 4178929
78922.20499999821 4187617
78995.72500000149 4190513
78995.9069999978 4204993
79046.12700000405 4225265
79106.14900000393 4233953
79357.80200000107 4236849
79369.37099999934 4254225
79426.20099999756 4270153
79490.14699999988 4290425
79582.17599999905 4294769
79641.31199999899 4296217
79661.42000000179 4315041
79710.26099999994 4330969
79710.28599999845 4335313
79782.12700000405 4339657
79926.22399999946 4341105
79939.18600000441 4342553
79939.62700000405 4354137
79959.30200000107 4371513
80010.14400000125 4390337
80122.23099999875 4400473
80207.84499999881 4404817
80219.66600000113 4406265
80239.70400000364 4423641
80298.35700000077 4442465
80418.14100000262 4451153
80489.4130000025 4454049
80489.49499999732 4465633
80501.23000000417 4471425
80558.12200000137 4493145
80622.29399999976 4504729
80682.19399999827 4507625
80732.23399999738 4509073
80752.57699999958 4526449
80752.60199999809 4530793
80798.19799999893 4542377
80882.0850000009 4549617
80934.00699999928 4551065
80981.49899999797 4566993
80981.52799999714 4571337
81042.24899999797 4588713
81170.0869999975 4594505
81204.4450000003 4595953
81267.24300000072 4613329
81342.18100000173 4635049
81446.30200000107 4640841
81466.45700000226 4642289
81562.11200000346 4658217
81562.12700000405 4661113
81592.21299999952 4662561
81650.09000000358 4681385
81698.23399999738 4685729
81698.38099999726 4698761
81758.21599999815 4714689
81830.26900000125 4721929
81862.39500000328 4723377
81862.4130000025 4726273
81926.37099999934 4742201
82018.17100000381 4746545
82166.32699999958 4747993
82177.99300000072 4766817
82242.1799999997 4791433
82318.39999999851 4814601
82422.16899999976 4820393
82433.09400000423 4821841
82498.19799999893 4836321
82594.21599999815 4840665
82650.84200000018 4842113
82734.17100000381 4856593
82737.9600000009 4860937
82754.61999999732 4876865
82802.23399999738 4891345
82886.24899999797 4900033
83054.22100000083 4901481
83074.46100000292 4902929
83075.02799999714 4915961
83075.06300000101 4921753
83138.18500000238 4931889
83266.22100000083 4940577
83336.32400000095 4942025
83418.138000004 4959401
83418.1649999991 4963745
83490.24400000274 4981121
83626.07599999756 4986913
83694.18100000173 5007185
83710.53899999708 5011529
83774.14500000328 5030353
83866.14599999785 5036145
83899.10400000215 5037593
83919.49000000209 5052073
83949.74899999797 5072345
84006.25800000131 5089721
84094.15200000256 5094065
84181.0680000037 5095513
84233.04600000381 5112889
84233.0700000003 5117233
84253.68100000173 5120129
84310.2480000034 5131713
84430.25800000131 5133161
84481.6649999991 5136057
84531.8430000022 5140401
84650.25200000405 5146193
84683.36299999803 5153433
84746.1780000031 5162121
84766.45300000161 5172257
84838.1649999991 5178049
84838.19099999964 5182393
84942.2880000025 5189633
85077.78500000387 5201217
85098.03299999982 5212801
85178.1799999997 5222937
85333.17000000179 5234521
85397.74100000411 5246105
85397.75999999791 5247553
85474.24700000137 5257689
85546.29900000244 5269273
85626.25999999791 5280857
85683.22299999744 5292441
85703.388000004 5304025
85746.29800000042 5309817
85746.31499999762 5312713
85806.28400000185 5321401
85870.43900000304 5332985
85962.27600000054 5344569
86082.19799999893 5357601
86186.20700000226 5370633
86186.25500000268 5377873
86213.18800000101 5383665
86233.47600000352 5396697
86290.4830000028 5409729
86362.2899999991 5422761
86382.47600000352 5435793
86430.20899999887 5440137
86430.22699999809 5443033
86494.27799999714 5453169
86514.38899999857 5466201
86578.45199999958 5476337
86654.29600000381 5490817
86722.27300000191 5505297
86722.2880000025 5508193
86781.18500000238 5519777
86838.3200000003 5535705
86950.09499999881 5551633
87014.37600000203 5567561
87014.4130000025 5573353
87064.54900000244 5584937
87138.23200000077 5597969
87290.29100000113 5602313
87335.08799999952 5603761
87355.43299999833 5621137
87418.2819999978 5638513
87510.22900000215 5648649
87670.97500000149 5650097
87691.22900000215 5667473
87774.24400000274 5680505
87914.30399999768 5690641
87914.39800000191 5703673
87962.77899999917 5709465
88026.29600000381 5725393
88154.31899999827 5729737
88259.0680000037 5731185
88498.60700000077 5748561
88526.15600000322 5768833
88586.27400000393 5792001
88650.3369999975 5816617
88742.37799999863 5828201
88862.28500000387 5831097
88894.93200000376 5832545
88894.95099999756 5833993
88915.12399999797 5849921
88964.60599999875 5870193
89022.27700000256 5875985
89131.25699999928 5877433
89151.49300000072 5896257
89151.50699999928 5899153
89194.51099999994 5910737
89274.31899999827 5917977
89393.1780000031 5919425
89413.4130000025 5938249
89474.38499999791 5957073
89566.31400000304 5964313
89592.67599999905 5967209
89594.65799999982 5980241
89654.31599999964 5996169
89702.52899999917 6004857
89802.36800000072 6006305
89982.41399999708 6007753
89982.52099999785 6022233
90058.40399999917 6029473
90168.54900000244 6045401
90237.73700000346 6049745
90237.89500000328 6067121
90302.52099999785 6080153
90394.3030000031 6091737
90394.3180000037 6094633
90499.96599999815 6096081
90557.2100000009 6112009
90557.24100000411 6116353
90618.36100000143 6133729
90710.36900000274 6139521
90796.82699999958 6140969
90856.36600000411 6159793
90856.55099999905 6164137
90914.30200000107 6182961
91002.3200000003 6188753
91127.53000000119 6190201
91127.76200000197 6203233
91194.32500000298 6219161
91194.36100000143 6224953
91330.30600000173 6227849
91454.1099999994 6229297
91474.1569999978 6248121
91507.92499999702 6262601
91570.32599999756 6271289
91655.93900000304 6274185
91675.98900000006 6290113
91726.41899999976 6306041
91790.43200000376 6314729
91854.49199999869 6332105
91941.08399999887 6336449
92014.35400000215 6353825
92014.36800000072 6355273
92072.84700000286 6358169
92072.93999999762 6371201
92130.4299999997 6387129
92202.37600000203 6394369
92248.43800000101 6395817
92298.39599999785 6411745
92298.45400000364 6420433
92362.43699999899 6432017
92454.43800000101 6436361
92491.65600000322 6437809
92542.25500000268 6455185
92606.45800000429 6478353
92698.46700000018 6484145
92759.09400000423 6485593
92816.56000000238 6504417
92816.70099999756 6508761
92878.46400000155 6537721
92981.72100000083 6546409
92993.59000000358 6549305
92993.60300000012 6550753
93001.89299999923 6566681
93050.35100000352 6584057
93105.54200000316 6592745
93105.66799999774 6595641
93162.43100000173 6613017
93162.44600000232 6615913
93212.57699999958 6618809
93290.44799999893 6631841
93395.20000000298 6636185
93444.94799999893 6655009
93502.56000000238 6675281
93574.32299999893 6681073
93638.52000000328 6701345
93678.24199999869 6705689
93742.36600000411 6725961
93855.08399999887 6730305
93855.18200000376 6740441
93855.21700000018 6746233
93875.33100000024 6757817
93922.35899999738 6775193
93961.48799999803 6783881
94011.61800000072 6801257
94011.69099999964 6811393
94070.388000004 6824425
94142.36400000006 6830217
94171.73000000417 6831665
94222.05700000376 6849041
94222.29399999976 6866417
94259.44200000167 6876553
94318.42899999768 6904065
94378.68200000376 6911305
94378.7650000006 6912753
94454.3919999972 6928681
94543.48399999738 6933025
94543.54200000316 6941713
94622.4299999997 6953297
94629.64500000328 6957641
94698.4069999978 6976465
94828.57400000095 6982257
94848.76200000197 6999633
94848.81000000238 7006873
94878.54999999702 7018457
94938.45300000161 7025697
94966.81899999827 7027145
94986.94700000435 7045969
95030.42700000107 7064793
95110.40200000256 7072033
95122.59799999744 7076377
95130.50699999928 7089409
95186.43600000441 7103889
95222.37799999863 7111129
95286.4069999978 7129953
95378.42700000107 7134297
95420.42000000179 7135745
95420.43600000441 7137193
95471.09200000018 7153121
95491.24199999869 7173393
95527.25200000405 7186425
95546.17400000244 7193665
95546.2349999994 7202353
95602.40500000119 7222625
95690.42300000042 7232761
95706.85000000149 7234209
95776.125 7253033
95846.41200000048 7267513
95850.61100000143 7276201
95877.38899999857 7295025
95934.43900000304 7319641
95988.86500000209 7326881
95988.90200000256 7332673
96046.5549999997 7345705
96077.09600000083 7351497
96150.5169999972 7368873
96285.2349999994 7373217
96305.67100000381 7392041
96305.70800000429 7397833
96331.11600000411 7415209
96342.94600000232 7421001
96351.30600000173 7438377
96387.58300000429 7455753
96454.49300000072 7462993
96568.89999999851 7467337
96589.16799999774 7484713
96618.67700000107 7503537
96682.52700000256 7525257
96682.54200000316 7528153
96706.32699999958 7531049
96725.17100000381 7548425
96770.59799999744 7568697
96842.52600000054 7591865
96842.54100000113 7593313
96902.24400000274 7597657
96922.43999999762 7617929
96970.50900000334 7632409
97054.50100000203 7641097
97180.5869999975 7643993
97200.85000000149 7658473
97224.54299999774 7680193
97244.62900000066 7706257
97282.5169999972 7723633
97346.64299999923 7735217
97419.0399999991 7738113
97468.31899999827 7739561
97488.51099999994 7756937
97534.61100000143 7774313
97554.74100000411 7783001
97554.77600000054 7788793
97567.04200000316 7800377
97614.48399999738 7819201
97698.62900000066 7829337
97702.18400000036 7830785
97755.3730000034 7849609
97755.39900000393 7853953
97814.59799999744 7871329
97900.45300000161 7877121
97920.64699999988 7897393
97950.29100000113 7910425
98014.46700000018 7917665
98039.80700000376 7919113
98068.59499999881 7937937
98088.72299999744 7961105
98126.56100000441 7978481
98126.59700000286 7984273
98194.5399999991 7988617
98269.83799999952 7990065
98319.92100000381 8008889
98320.04399999976 8014681
98378.53500000387 8030609
98406.54200000316 8036401
98406.98799999803 8049433
98466.57800000161 8069705
98538.47200000286 8079841
98553.16799999774 8081289
98602.81400000304 8097217
98662.58399999887 8114593
98733.85100000352 8123281
98785.22299999744 8142105
98842.5399999991 8163825
98915.34700000286 8169617
98915.41799999774 8179753
98935.45800000429 8189889
98965.50800000131 8205817
99022.57699999958 8228985
99094.49300000072 8234777
99120.38499999791 8236225
99120.44399999827 8244913
99167.30099999905 8253601
99187.51399999857 8276769
99223.86200000346 8295593
99223.96599999815 8310073
99282.53100000322 8323105
99402.54699999839 8330345
99404.26600000262 8331793
99455.07999999821 8350617
99475.15900000185 8370889
99514.54500000179 8386817
99514.56000000238 8388265
99542.45400000364 8395505
99558.45300000161 8396953
99578.4849999994 8414329
99618.56000000238 8433153
99686.70700000226 8441841
99708.93299999833 8444737
99758.52899999917 8446185
99758.57699999958 8453425
99778.66200000048 8463561
99826.50699999928 8479489
99854.98399999738 8488177
99904.21500000358 8489625
99924.37399999797 8507001
99966.5150000006 8518585
100030.6930000037 8531617
100051.01900000125 8548993
100090.57200000435 8570713
100189.69700000435 8577953
100189.73399999738 8583745
100239.84600000083 8595329
100298.57900000364 8615601
100326.67199999839 8621393
100346.763000004 8641665
100386.50400000066 8648905
100450.58300000429 8664833
100513.12799999863 8669177
100533.24300000072 8685105
100547.02600000054 8695241
100570.98799999803 8714065
100618.95600000024 8738681
100639.0869999975 8758953
100678.59700000286 8777777
100678.61299999803 8779225
100758.56700000167 8787913
100793.99300000072 8790809
100830.43100000173 8792257
100850.74100000411 8809633
100855.02000000328 8829905
100888.5700000003 8845833
100888.86800000072 8853073
100946.61900000274 8870449
101026.94700000435 8877689
101077.0700000003 8895065
101077.19099999964 8899409
101134.60899999738 8916785
101134.63000000268 8918233
101166.5 8922577
101186.58399999887 8941401
101226.54399999976 8957329
101272.74300000072 8966017
101292.88099999726 8983393
101323.00500000268 9000769
101382.58100000024 9023937
101450.80600000173 9031177
101450.92000000179 9032625
101471.26200000197 9048553
101530.6400000006 9070273
101539.6099999994 9076065
101550.87900000066 9086201
101598.71700000018 9103577
101682.8900000006 9110817
101763.40100000054 9112265
101763.41600000113 9113713
101776.14400000125 9131089
101834.55900000036 9160049
101906.64900000393 9173081
101981.55700000376 9175977
101981.57299999893 9178873
101993.26099999994 9193353
102042.71400000155 9228105
102042.83799999952 9244033
102066.44200000167 9259961
102086.61500000209 9284577
102130.61600000411 9303401
102234.60899999738 9313537
102268.09200000018 9316433
102268.15200000256 9325121
102288.60199999809 9332361
102308.93400000036 9355529
102317.64800000191 9368561
102329.07100000232 9383041
102355.8730000034 9390281
102418.6419999972 9409105
102510.68299999833 9414897
102553.34200000018 9416345
102573.5169999972 9432273
102602.64900000393 9451097
102602.67400000244 9455441
102614.69399999827 9471369
102642.78400000185 9494537
102702.73799999803 9506121
102790.64800000191 9509017
102836.60100000352 9510465
102836.67199999839 9520601
102885.3900000006 9533633
102905.58399999887 9564041
102924.8919999972 9575625
102924.96299999952 9585761
102962.5850000009 9600241
103022.62600000203 9623409
103110.65399999917 9629201
103123.125 9630649
103146.75800000131 9645129
103185.92300000042 9663953
103185.93900000304 9665401
103242.63700000197 9717529
103298.94399999827 9730561
103348.93200000376 9734905
103369.01399999857 9755177
103406.63199999928 9769657
103408.97100000083 9778345
103459.4980000034 9795721
103518.64800000191 9818889
103554.42700000107 9824681
103604.77700000256 9842057
103662.63599999994 9860881
103742.85899999738 9865225
103762.96900000423 9884049
103806.88099999726 9901425
103806.99199999869 9910113
103826.97399999946 9924593
103826.99000000209 9926041
103857.30900000036 9943417
103857.52400000393 9953553
103918.66200000048 9969481
104010.64699999988 9976721
104027.18200000376 9978169
104030.47299999744 9991201
104090.77400000393 10024505
104150.60000000149 10056361
104214.62799999863 10079529
104262.15100000054 10085321
104344.82100000232 10086769
104345.06100000441 10102697
104385.98099999875 10120073
104385.99899999797 10121521
104406.1569999978 10137449
104442.68500000238 10156273
104483.04600000381 10164961
104503.27600000054 10182337
104503.30099999905 10186681
104546.70400000364 10199713
104605.13099999726 10209849
104607.2100000009 10228673
104666.763000004 10251841
104754.67599999905 10269217
104833.1799999997 10275009
104833.26399999857 10276457
104875.29800000042 10293833
104895.43900000304 10317001
104929.56700000167 10334377
104986.69099999964 10361889
105074.68999999762 10369129
105158.78700000048 10370577
105170.79299999774 10389401
105170.86299999803 10399537
105194.3730000034 10418361
105248.2480000034 10442977
105248.32400000095 10448769
105306.68400000036 10464697
105378.71700000018 10473385
105406.74400000274 10474833
105443.35000000149 10493657
105443.46999999881 10498001
105467.35300000012 10515377
105467.45800000429 10529857
105522.94099999964 10538545
105523.02700000256 10544337
105582.64299999923 10561713
105646.83100000024 10568953
105690.85000000149 10570401
105726.98399999738 10586329
105727.04399999976 10595017
105751.31599999964 10608049
105810.69099999964 10631217
105816.388000004 10638457
105874.70600000024 10654385
105962.63300000131 10660177
105973.56599999964 10663073
105983.36400000006 10679001
106010.86200000346 10696377
106034.96900000423 10705065
106055.21900000423 10725337
106092.11999999732 10741265
106158.6930000037 10758641
106259.1080000028 10762985
106297.09099999815 10783257
106297.138000004 10790497
106309.02199999988 10804977
106354.69900000095 10833937
106375.43100000173 10846969
106375.56000000238 10849865
106375.59600000083 10855657
106434.65299999714 10868689
106541.99599999934 10874481
106593.38300000131 10886065
106613.57200000435 10907785
106654.72100000083 10920817
106658.72900000215 10929505
106674.89599999785 10948329
106718.65500000119 10964257
106786.67199999839 10975841
106828.07900000364 10978737
106828.41700000316 10980185
106828.45400000364 10985977
106879.37200000137 10996113
106938.65500000119 11019281
107026.7349999994 11025073
107154.03599999845 11026521
107174.513000004 11045345
107174.54900000244 11051137
107206.97200000286 11064169
107227.12799999863 11082993
107243.42499999702 11100369
107247.22299999744 11116297
107286.67199999839 11135121
107350.73799999803 11148153
107395.82200000435 11152497
107474.70099999756 11162633
107494.77899999917 11165529
107507.09400000423 11181457
107515.13499999791 11197385
107566.70300000161 11219105
107650.76200000197 11229241
107708.96999999881 11232137
107758.75500000268 11233585
107779.02899999917 11246617
107842.88099999726 11271233
107893.19900000095 11279921
107913.35300000012 11298745
107954.69399999827 11311777
107993.04900000244 11324809
108043.48200000077 11329153
108063.6930000037 11346529
108106.70300000161 11363905
108210.7330000028 11371145
108258.08399999887 11372593
108258.10899999738 11376937
108278.27499999851 11391417
108308.02899999917 11405897
108345.7669999972 11429065
108345.8599999994 11442097
108402.74100000411 11453681
108490.78700000048 11460921
108560.49899999797 11462369
108642.77899999917 11479745
108773.56499999762 11484089
108793.98399999738 11502913
108794.01099999994 11507257
108814.77600000054 11526081
108835.12700000405 11547801
108874.76099999994 11570969
108874.77700000256 11572417
108894.81700000167 11578209
108895.49199999869 11588345
108954.76099999994 11607169
109026.71100000292 11615857
109207.63599999994 11617305
109314.85599999875 11630337
109314.90399999917 11637577
109390.77700000256 11650609
109414.64699999988 11656401
109434.89800000191 11685361
109482.70000000298 11702737
109522.89999999851 11715769
109586.71999999881 11733145
109670.43100000173 11737489
109738.72699999809 11751969
109771.38499999791 11756313
109771.46599999815 11767897
109791.638000004 11773689
109834.73399999738 11793961
109938.73099999875 11799753
110045.48700000346 11801201
110065.65900000185 11820025
110118.86600000411 11833057
110206.78400000185 11846089
110233.16899999976 11850433
110334.6080000028 11851881
110334.7349999994 11869257
110402.79500000179 11886633
110470.84899999946 11895321
110470.8730000034 11898217
110530.73099999875 11912697
110571.19099999964 11917041
110571.44600000232 11918489
110642.88499999791 11931521
110694.59600000083 11935865
110786.85599999875 11953241
110833.5700000003 11957585
110833.60700000077 11963377
110890.92400000244 11977857
110923.20400000364 11982201
110943.44799999893 11999577
110982.73700000346 12015505
111082.8369999975 12024193
111168.45700000226 12025641
111168.47500000149 12028537
111188.55099999905 12043017
111254.75999999791 12061841
111350.83600000292 12070529
111455.57200000435 12073425
111475.7330000028 12092249
111475.74899999797 12093697
111538.88000000268 12108177
111614.79699999839 12116865
111637.42400000244 12119761
111689.6799999997 12135689
111689.75900000334 12140033
111750.75400000066 12155961
111750.76900000125 12158857
111843.10899999738 12161753
111908.55900000036 12163201
111908.67199999839 12176233
111990.76200000197 12192161
112074.7650000006 12200849
112146.84200000018 12224017
112221.84400000423 12231257
112286.78000000119 12251529
112322.5549999997 12257321
112394.84200000018 12276145
112448.85300000012 12281937
112448.89999999851 12289177
112510.8730000034 12299313
112567.27199999988 12303657
112587.5169999972 12322481
112634.88000000268 12341305
112677.86400000006 12348545
112677.98900000006 12351441
112678.00200000405 12354337
112742.86999999732 12367369
112824.37900000066 12371713
112886.8599999994 12386193
112986.9830000028 12390537
112987.07299999893 12391985
113058.94099999964 12409361
113138.84799999744 12415153
113174.22100000083 12416601
113174.23700000346 12419497
113194.29399999976 12435425
113243.05099999905 12452801
113315.05399999768 12461489
113425.82299999893 12464385
113446.03100000322 12481761
113446.04600000381 12484657
113502.81100000441 12502033
113590.96500000358 12507825
113631.02799999714 12510721
113680.79600000381 12525201
113738.91000000387 12546921
113738.9280000031 12549817
113826.86200000346 12552713
113842.15799999982 12554161
113862.25800000131 12571537
113902.80600000173 12588913
113925.47600000352 12597601
114026.79600000381 12600497
114047.1230000034 12614977
114106.90600000322 12638145
114184.50800000131 12643937
114244.36400000006 12646833
114264.45600000024 12665657
114306.92400000244 12680137
114329.95600000024 12691721
114390.90100000054 12694617
114527.18800000101 12696065
114547.29399999976 12714889
114594.21299999952 12732265
114597.55099999905 12740953
114597.57400000095 12745297
114654.91399999708 12758329
114769.26399999857 12765569
114819.13700000197 12784393
114882.8180000037 12804665
114947.27300000191 12809009
114947.2880000025 12810457
115010.92400000244 12829281
115022.30099999905 12833625
115111.16899999976 12851001
115116.77000000328 12856793
115178.86299999803 12874169
115178.87900000066 12875617
115209.51399999857 12879961
115229.61100000143 12900233
115266.85899999738 12914713
115334.95600000024 12921953
115467.80900000036 12923401
115473.77300000191 12940777
115531.01799999923 12975529
115594.9430000037 12990009
115641.42199999839 12994353
115641.50400000066 13005937
115710.91700000316 13011729
115714.57800000161 13016073
115739.87399999797 13034897
115802.94900000095 13055169
115894.8730000034 13059513
115945.83600000292 13060961
116010.90600000322 13071097
116078.97699999809 13078337
116167.09200000018 13079785
116187.2330000028 13104401
116230.36900000274 13121777
116230.47299999744 13136257
116250.52499999851 13150737
116257.10400000215 13166665
116306.89699999988 13191281
116378.92100000381 13201417
116491.61200000346 13204313
116491.69399999827 13215897
116541.96500000358 13221689
116619.00699999928 13244857
116797.02199999988 13263681
116797.14900000393 13281057
116854.92199999839 13317257
116883.84799999744 13331737
116884.27700000256 13336081
116942.89900000393 13346217
117030.93999999762 13356353
117133.70700000226 13357801
117153.82500000298 13375177
117214.9430000037 13394001
117225.17700000107 13404137
117225.22399999946 13411377
117282.87900000066 13420065
117292.26399999857 13425857
117312.60100000352 13443233
117312.67599999905 13437441
117370.91399999708 13446129
117441.8350000009 13449025
117461.93299999833 13453369
117518.9450000003 13459161
117606.94200000167 13464953
117710.40200000256 13470745
117730.59200000018 13476537
117750.763000004 13482329
117794.94799999893 13486673
117815.0 13492465
117878.89900000393 13495361
117970.95099999756 13502601
117995.19900000095 13509841
118039.18800000101 13517081
118130.97800000012 13524321
118218.95600000024 13531561
118303.44200000167 13538801
118303.45800000429 13541697
118323.6950000003 13546041
118340.02099999785 13548937
118343.87700000405 13553281
118398.9849999994 13556177
118487.375 13564865
118574.96599999815 13573553
118616.29299999774 13582241
118636.4680000022 13590929
118687.0 13595273
118716.27199999988 13603961
118716.28700000048 13606857
118783.05900000036 13612649
118822.06599999964 13621337
118842.16000000387 13630025
118887.39299999923 13635817
118946.97600000352 13645953
119019.1099999994 13656089
119073.37799999863 13666225
119073.4149999991 13672017
119138.91600000113 13676361
119159.32400000095 13686497
119223.01799999923 13696633
119291.01200000197 13706769
119358.97800000012 13716905
119388.38099999726 13727041
119408.5850000009 13737177
119440.11999999732 13744417
119510.91399999708 13754553
119655.02600000054 13764689
119695.80099999905 13776273
119755.90100000054 13787857
119775.99100000411 13799441
119814.93400000036 13802337
119882.94600000232 13813921
119958.99199999869 13826953
120021.63000000268 13839985
120041.82599999756 13854465
120083.013000004 13860257
120083.06100000441 13867497
120163.01799999923 13874737
120234.9430000037 13890665
120315.00200000405 13906593
120423.00900000334 13923969
120423.06700000167 13932657
120499.06899999827 13941345
120552.64999999851 13960169
120572.88700000197 13978993
120599.8730000034 13987681
120599.94399999827 13997817
120620.21299999952 14007953
120659.0549999997 14019537
120723.02600000054 14041257
120791.0150000006 14062977
120858.9619999975 14086145
120926.86100000143 14110761
120994.98200000077 14128137
121063.09700000286 14154201
121121.29600000381 14173025
121179.26799999923 14193297
121219.4149999991 14200537
121278.97200000286 14220809
121399.06599999964 14225153
121414.25299999863 14226601
121481.45400000364 14245425
121481.54699999839 14258457
121546.98700000346 14268593
121643.0319999978 14274385
121700.51200000197 14275833
121770.99300000072 14291761
121915.04200000316 14296105
121943.42100000381 14297553
121963.63899999857 14313481
121993.32800000161 14323617
122051.10599999875 14348233
122171.0869999975 14355473
122218.68100000173 14356921
122274.87900000066 14369953
122295.17199999839 14388777
122355.07500000298 14409049
122443.06899999827 14416289
122497.39400000125 14417737
122547.81899999827 14429321
122548.00500000268 14433665
122595.63700000197 14449593
122595.66099999845 14453937
122655.01900000125 14472761
122743.00699999928 14480001
122816.57699999958 14481449
122879.52000000328 14500273
122947.07599999756 14519097
123023.00699999928 14526337
123111.68400000036 14527785
123197.75299999863 14545161
123217.88300000131 14565433
123263.07599999756 14584257
123347.07299999893 14592945
123471.09099999815 14595841
123491.35899999738 14614665
123555.10700000077 14634937
123631.3599999994 14642177
123757.63899999857 14643625
123757.67400000244 14649417
123777.97699999809 14661001
123831.18299999833 14674033
123903.09200000018 14681273
123931.59200000018 14682721
123951.82500000298 14685617
123995.44099999964 14698649
124055.13599999994 14701545
124175.08799999952 14705889
124211.90399999917 14711681
124211.92300000042 14714577
124232.24899999797 14718921
124264.11500000209 14723265
124327.17899999768 14733401
124403.09799999744 14744985
124483.08399999887 14758017
124514.36999999732 14772497
124514.41899999976 14779737
124579.20899999887 14788425
124608.10100000352 14800009
124691.04699999839 14817385
124763.2100000009 14826073
124831.14599999785 14842001
124831.16099999845 14844897
124843.60899999738 14846345
124903.05600000173 14862273
125023.09700000286 14870961
125031.11200000346 14872409
125051.3030000031 14886889
125099.09499999881 14897025
125143.23600000143 14908609
125143.25100000203 14910057
125406.41000000387 14912953
125406.51600000262 14927433
125479.11800000072 14937569
125547.12600000203 14950601
125643.138000004 14953497
125974.32100000232 14954945
126012.32200000435 14975217
126119.06199999899 14988249
126335.07500000298 14994041
126335.84000000358 14995489
126487.138000004 15008521
126575.20800000429 15024449
126630.34799999744 15040377
126650.64599999785 15053409
126691.23200000077 15070785
126755.07800000161 15092505
126883.18999999762 15101193
126893.96599999815 15102641
126893.98099999875 15105537
126905.40500000119 15118569
126963.16600000113 15127257
127027.25299999863 15153321
127119.0930000022 15162009
127187.14599999785 15163457
127187.19399999827 15170697
127207.26200000197 15180833
127259.17899999768 15193865
127343.1630000025 15204001
127453.15900000185 15206897
127473.40600000322 15225721
127473.47600000352 15235857
127531.18299999833 15245993
127603.27000000328 15253233
127733.60599999875 15254681
127745.29299999774 15263369
127807.11999999732 15280745
127883.23700000346 15301017
128014.8580000028 15306809
128026.59099999815 15316945
128091.21599999815 15332873
128227.18699999899 15340113
128312.04999999702 15341561
128312.35599999875 15360385
128391.12200000137 15366177
128463.18100000173 15392241
128563.18200000376 15399481
128614.6400000006 15400929
128634.8900000006 15413961
128699.1799999997 15431337
128791.15200000256 15437129
128856.94099999964 15438577
128857.73900000006 15457401
128915.14900000393 15470433
128979.25699999928 15492153
129057.55700000376 15496497
129065.07599999756 15515321
129119.13199999928 15529801
129145.39400000125 15547177
129203.38899999857 15561657
129323.14900000393 15570345
129339.9450000003 15573241
129343.23000000417 15590617
129401.52099999785 15600753
129459.14500000328 15621025
129579.15900000185 15626817
129618.05700000376 15628265
129699.22699999809 15655777
129867.16200000048 15663017
129898.48399999738 15665913
129971.20800000429 15683289
129999.23700000346 15689081
129999.25200000405 15691977
130059.16399999708 15707905
130147.16600000113 15713697
130178.15100000054 15715145
130198.43299999833 15732521
130259.22200000286 15754241
130259.23700000346 15757137
130279.66799999774 15760033
130347.24000000209 15778857
130483.18999999762 15784649
130752.36100000143 15784649
131173.35700000077 15786097
131617.34799999744 15786352
132408.42300000042 15786352
133972.35300000012 15786352
137080.3580000028 15786352
143277.34799999744 15786352
155648.41799999774 15786352
180372.34600000083 15786352
193679.99400000274 15786353
193700.0780000016 15790697
193756.54900000244 15793593
193884.59099999815 15800833
194140.55099999905 15806625
194568.41099999845 15806625
194574.5700000003 15808073
194632.55399999768 15810969
194752.58600000292 15815313
194856.3430000022 15821105
194856.35899999738 15822297
194996.59000000358 15828089
195168.59700000286 15836777
195257.41899999976 15846913
195332.57900000364 15858497
195387.8919999972 15867185
195452.66600000113 15881665
195452.7030000016 15887457
195488.56400000304 15890353
195564.60599999875 15906281
195668.64100000262 15913521
195759.75400000066 15916417
195868.75200000405 15930897
195948.7950000018 15949721
195948.811999999 15952617
196032.6630000025 15956961
196095.186999999 15959857
196115.27700000256 15978681
196160.59600000083 15985921
196224.59200000018 16003297
196318.16700000316 16007641
196406.69399999827 16009089
196406.75299999863 16017777
196426.84700000286 16026465
196476.59000000358 16040945
196548.59799999744 16051081
196606.2030000016 16053977
196676.68100000173 16072801
196689.25900000334 16077145
196689.29399999976 16082937
196748.69900000095 16093073
196836.76799999923 16098865
196887.05200000107 16100313
196952.73600000143 16119137
196972.7950000018 16123481
197040.68400000036 16140857
197136.67599999905 16146649
197335.8280000016 16148097
197411.23700000346 16164025
197504.72600000352 16185745
197539.70199999958 16191537
197596.55399999768 16210361
197596.56899999827 16213257
197660.7400000021 16232081
197752.64100000262 16237873
197788.84600000083 16239321
197860.80399999768 16256697
197920.6160000041 16278417
197992.62900000066 16285657
198136.63000000268 16287105
198208.59600000083 16288553
198228.81400000304 16305929
198249.06000000238 16321857
198288.6400000006 16339233
198288.66600000113 16343577
198356.69099999964 16350817
198391.31700000167 16355161
198448.63700000197 16373985
198548.50500000268 16378329
198548.61999999732 16379777
198632.81000000238 16395705
198674.95899999887 16400049
198675.01799999923 16408737
198732.77099999785 16418873
198797.3980000019 16423217
198797.51900000125 16424665
198884.74700000137 16442041
198976.7199999988 16446385
199048.6499999985 16463761
199082.12900000066 16468105
199082.2650000006 16469553
199082.28899999708 16473897
199140.71900000423 16488377
199228.82500000298 16492721
199292.06700000167 16494169
199366.49300000072 16505753
199386.58399999887 16526025
199424.74300000072 16539057
199504.8280000016 16552089
199593.34400000423 16556433
199595.44700000435 16557881
199642.54600000381 16573809
199700.78500000387 16595529
199728.6499999985 16601321
199728.7250000015 16602769
199728.73700000346 16604217
199796.688000001 16620145
199871.53100000322 16624489
199948.78500000387 16636073
200108.74300000072 16638969
200252.60500000417 16640417
200252.88400000334 16654897
200340.78599999845 16669377
200412.78899999708 16691097
200512.81599999964 16696889
200530.563000001 16698337
200542.8730000034 16714265
200604.77799999714 16731641
200604.79399999976 16734537
200680.75699999928 16740329
200779.54800000042 16743225
200896.811999999 16760601
201006.83200000226 16764945
201080.7819999978 16783769
201108.7180000022 16788113
201108.79999999702 16799697
201172.71299999952 16808385
201264.8580000028 16812729
201346.08200000226 16814177
201432.70700000226 16833001
201608.77199999988 16837345
201903.41899999976 16837345
201917.99400000274 16838793
201955.14299999923 16841689
202020.71299999952 16846033
202116.85599999875 16851825
202208.84799999744 16859065
202208.8849999979 16864857
202272.78100000322 16867753
202292.91399999708 16877889
202348.79100000113 16883681
202468.75 16896713
202548.82400000095 16911193
202569.7650000006 16927121
202569.77899999917 16930017
202628.8299999982 16943049
202692.73200000077 16961873
202768.13099999726 16970561
202844.80700000376 16983593
202952.811999999 16987937
203129.75599999726 16989385
203129.79200000316 16995177
203149.91099999845 17006761
203216.74899999797 17018345
203292.8900000006 17028481
203336.06499999762 17031377
203400.88899999857 17041513
203536.82500000298 17044409
203697.90600000322 17045857
203903.24700000137 17060337
204112.82900000364 17082057
204263.09400000423 17087849
204396.875 17108121
204470.81599999964 17112465
204470.9750000015 17125497
204544.91700000316 17138529
204612.91799999774 17154457
204688.8430000022 17158801
205041.7030000016 17160249
205062.07400000095 17177625
205128.79200000316 17184865
205128.8280000016 17190657
205228.85700000077 17200793
205350.9849999994 17206585
205371.16200000048 17223961
205416.8449999988 17231201
205488.9849999994 17245681
205632.82400000095 17250025
205918.87200000137 17251473
205918.89699999988 17255817
205938.99499999732 17268849
205988.93200000376 17278985
206104.85400000215 17292017
206251.96500000358 17296361
206272.20899999887 17315185
206272.24400000274 17320977
206340.8900000006 17335457
206440.87200000137 17341249
206616.5949999988 17342697
206742.07599999756 17361521
206845.34799999744 17384689
206845.3650000021 17386137
206865.54800000042 17402065
206916.98700000346 17415097
207000.87700000405 17425233
207026.061999999 17428129
207096.91600000113 17438265
207124.73900000006 17441161
207124.91399999708 17442609
207124.97299999744 17451297
207184.93200000376 17459985
207256.83200000226 17465777
207312.16399999708 17467225
207384.99899999797 17481705
207400.5850000009 17486049
207476.91899999976 17501977
207584.84000000358 17507769
207598.32299999893 17509217
207598.36999999732 17516457
207618.36299999803 17526593
207665.2480000034 17539625
207697.00100000203 17551209
207760.86900000274 17554105
207958.0799999982 17555553
207958.20600000024 17572929
208032.87600000203 17581617
208100.91899999976 17597545
208113.19799999893 17601889
208121.20099999756 17617817
208172.86800000072 17632297
208244.1649999991 17642433
208244.19200000167 17646777
208293.95000000298 17661257
208294.20600000024 17665601
208356.89699999988 17681529
208432.91000000387 17687321
208524.36299999803 17688769
208592.91899999976 17706145
208596.35400000215 17710489
208596.36800000072 17711937
208660.93999999762 17729313
208756.87600000203 17735105
208807.33900000155 17736553
208857.7819999978 17755377
208916.99499999732 17777097
208988.9980000034 17784337
209090.22399999946 17785785
209140.88400000334 17804609
209220.92899999768 17824881
209328.98600000143 17830673
209329.0680000037 17842257
209349.07900000364 17849497
209377.0249999985 17863977
209436.8849999979 17871217
209557.02899999917 17872665
209630.57200000435 17874113
209680.41099999845 17900177
209680.45899999887 17907417
209737.0080000013 17933481
209801.01799999923 17949409
209928.91200000048 17952305
209944.25400000066 17953753
210096.99700000137 17971129
210097.0150000006 17972577
210133.76399999857 17989953
210196.9600000009 18005881
210227.71299999952 18010225
210289.0169999972 18029049
210364.96599999815 18034841
210420.79600000381 18036289
210420.813000001 18037737
210497.02199999988 18052217
210512.46700000018 18056561
210572.90600000322 18075385
210648.96299999952 18081177
210715.11800000072 18082625
210780.9699999988 18101449
210780.98799999803 18102897
210795.40200000256 18105793
210801.10300000012 18124617
210860.90100000054 18139097
210985.03500000387 18147785
210989.01900000125 18150681
211052.92899999768 18165161
211052.9430000037 18168057
211082.0930000022 18169505
211160.90299999714 18188329
211269.01600000262 18194121
211444.53299999982 18195569
211482.87900000066 18221633
211553.01399999857 18228873
211650.35700000077 18230321
211650.37200000137 18233217
211701.3999999985 18253489
211760.94200000167 18276657
211880.96299999952 18282449
212015.59400000423 18283897
212015.70700000226 18295481
212015.71900000423 18298377
212084.9900000021 18309961
212138.67899999768 18317201
212138.84000000358 18318649
212208.93900000304 18337473
212237.13899999857 18341817
212296.938000001 18359193
212385.17499999702 18363537
212426.17100000381 18364985
212500.95400000364 18382361
212525.11800000072 18386705
212584.94799999893 18404081
212705.00299999863 18408425
212708.7899999991 18409873
212708.94099999964 18424353
212708.96500000358 18428697
212773.12099999934 18441729
212809.0680000037 18450417
212917.02400000393 18453313
212992.6950000003 18454761
212992.83399999887 18467793
213068.9600000009 18485169
213093.72299999744 18493857
213153.07900000364 18511233
213240.96299999952 18515577
213277.09099999815 18517025
213344.97299999744 18534401
213369.74499999732 18538745
213449.0 18553225
213556.98799999803 18557569
213679.83799999952 18559017
213781.1860000044 18576393
213801.7669999972 18593769
213861.11800000072 18615489
213937.16899999976 18621281
213937.188000001 18624177
214017.1330000013 18638657
214036.9450000003 18644449
214145.05900000036 18658929
214260.37200000137 18664721
214337.16200000048 18683545
214445.03400000185 18689337
214610.9149999991 18690785
214623.4149999991 18706713
214693.17400000244 18722641
214793.0610000044 18732777
214905.82400000095 18735673
214985.0799999982 18753049
214985.09400000423 18754497
215093.06400000304 18757393
215097.0930000022 18758841
215117.26099999994 18776217
215177.0869999975 18790697
215297.08399999887 18799385
215396.13400000334 18802281
215396.33900000155 18816761
215396.3500000015 18819657
215453.0930000022 18834137
215525.06700000167 18842825
215796.82900000364 18845721
215945.1860000044 18863097
215945.37099999934 18867441
216017.12700000405 18883369
216017.1419999972 18884817
216045.25599999726 18889161
216129.14100000262 18907985
216288.85100000352 18913777
216289.1330000013 18915225
216353.12200000137 18932601
216445.1230000034 18936945
216647.2410000041 18938393
216647.32299999893 18949977
216745.1230000034 18957217
216853.18400000036 18961561
216929.13599999994 18980385
217081.138000004 18984729
217159.69900000095 18986177
217171.65799999982 19000657
217249.13599999994 19015137
217333.03899999708 19026721
217445.04399999976 19029617
217510.88700000197 19031065
217597.37200000137 19049889
217653.4830000028 19054233
217733.0799999982 19073057
217752.81400000304 19078849
217752.82900000364 19080297
217813.0949999988 19096225
217901.13700000197 19102017
217999.93299999833 19104913
218020.07699999958 19122289
218061.0850000009 19139665
218061.11999999732 19145457
218129.388000004 19148353
218295.34400000423 19151249
218345.53400000185 19162833
218345.62700000405 19165729
218409.11900000274 19183105
218537.1480000019 19188897
218666.05700000376 19190345
218773.23399999738 19209169
218773.25200000405 19210617
218784.5850000009 19213513
218857.15100000054 19229441
218889.6930000037 19235233
218965.58399999887 19254057
219069.10899999738 19259849
219197.41099999845 19261297
219431.48399999738 19275777
219498.8350000009 19301841
219499.25699999928 19307633
219557.10300000012 19325009
219677.15600000322 19330801
219871.68200000376 19333697
219871.73000000417 19340937
219871.8519999981 19349625
219925.0099999979 19365553
219993.20700000226 19375689
220077.01399999857 19377137
220097.30200000107 19394513
220097.38400000334 19406097
220161.12099999934 19417681
220289.14400000125 19423473
220545.1169999987 19424921
220569.52899999917 19426369
220589.62700000405 19443745
220657.18200000376 19459673
220737.1950000003 19468361
220983.8200000003 19469809
220983.8350000009 19471257
220996.28899999708 19487185
221053.23099999875 19513249
221125.19200000167 19530625
221225.28500000387 19534969
221321.43900000304 19536417
221371.90799999982 19553793
221433.1419999972 19574065
221507.88899999857 19579857
221573.16200000048 19598681
221573.17899999768 19601577
221626.43100000173 19604473
221689.15600000322 19623297
221781.1480000019 19629089
221790.67700000107 19630537
221861.17700000107 19647913
221910.0150000006 19652257
221993.19799999893 19666737
222065.16399999708 19682665
222165.20199999958 19687009
222357.5700000003 19688457
222377.88000000268 19707281
222437.16099999845 19730449
222437.17599999905 19731897
222495.85899999738 19736241
222495.99700000137 19737689
222516.0450000018 19755065
222553.186999999 19770993
222633.18100000173 19779681
222643.68299999833 19782577
222653.29399999976 19797057
222717.17599999905 19805745
222739.7580000013 19811537
222805.18400000036 19828913
222924.65600000322 19833257
223017.17400000244 19850633
223044.4699999988 19854977
223044.51399999857 19862217
223109.23099999875 19872353
223205.22900000215 19876697
223209.91399999708 19878145
223277.3500000015 19895521
223328.64400000125 19899865
223348.77899999917 19920137
223348.82500000298 19927377
223393.25 19938961
223494.96100000292 19947649
223577.2049999982 19950545
223613.2650000006 19951993
223633.45700000226 19969369
223689.2730000019 19986745
223689.31000000238 19992537
223761.23200000077 19995433
223866.05700000376 19998329
223886.23600000143 20012809
223949.2480000034 20027289
224025.25900000334 20034529
224062.2580000013 20035977
224112.13000000268 20053353
224112.24300000072 20057697
224173.24300000072 20076521
224265.3599999994 20082313
224479.7480000034 20083761
224491.40900000185 20098241
224569.9980000034 20114169
224570.05700000376 20122857
224590.0869999975 20137337
224633.22900000215 20153265
224684.12399999797 20161953
224745.3030000031 20174985
224837.38199999928 20179329
224935.37700000405 20180777
224935.42499999702 20188017
224985.64500000328 20198153
225049.31000000238 20218425
225177.28100000322 20224217
225289.3449999988 20225665
225309.56400000304 20244489
225309.6230000034 20253177
225373.311999999 20263313
225465.30099999905 20272001
225600.28599999845 20274897
225613.6080000028 20292273
225693.37099999934 20318337
225765.30799999833 20338609
225865.29600000381 20344401
225879.56700000167 20345849
225891.875 20355985
225949.313000001 20373361
226069.3900000006 20380601
226175.76399999857 20382049
226175.77899999917 20383497
226187.2330000028 20396529
226253.2899999991 20412457
226329.2969999984 20421145
226463.0780000016 20424041
226483.2269999981 20439969
226483.28599999845 20448657
226541.27099999785 20458793
226665.3299999982 20467481
226744.4900000021 20468929
226757.60500000417 20487753
226817.26900000125 20513817
226905.37600000203 20528297
227031.91399999708 20532641
227052.41700000316 20547121
227082.47600000352 20564497
227161.36299999803 20570289
227240.4910000041 20571737
227301.32699999958 20590561
227301.34600000083 20593457
227343.11400000006 20594905
227417.49400000274 20615177
227521.27899999917 20619521
227523.10100000352 20620969
227543.3299999982 20634001
227589.28700000048 20645585
227648.5150000006 20652825
227648.55200000107 20658617
227729.27099999785 20668753
227808.7899999991 20673097
227893.39699999988 20690473
227930.20600000024 20696265
227950.26200000197 20713641
227993.36999999732 20723777
228061.4450000003 20738257
228091.31599999964 20742601
228227.60899999738 20744049
228247.7330000028 20761425
228293.2950000018 20777353
228377.3830000013 20784593
228405.2650000006 20787489
228405.2800000012 20788937
228493.35400000215 20800521
228509.61900000274 20804865
228569.3730000034 20820793
228688.11999999732 20826585
228773.31599999964 20845409
228782.86200000346 20849753
228782.88599999994 20854097
228841.41600000113 20867129
228913.3580000028 20872921
228974.30600000173 20875817
229024.7400000021 20890297
229085.3669999987 20912017
229173.45099999756 20917809
229282.74499999732 20919257
229302.8849999979 20936633
229357.35700000077 20955457
229445.40200000256 20964145
229539.72900000215 20967041
229559.9769999981 20984417
229595.2899999991 21006137
229669.32599999756 21013377
229768.88899999857 21016273
229789.09700000286 21033649
229831.62399999797 21049577
229917.3900000006 21059713
229992.47800000012 21061161
230012.69200000167 21079985
230043.313000001 21100257
230043.41700000316 21114737
230101.39599999785 21123425
230118.59000000358 21129217
230181.3430000022 21145145
230258.46299999952 21150937
230399.98600000143 21166865
230400.07900000364 21179897
230449.9200000018 21190033
230470.1480000019 21213201
230509.4299999997 21229129
230589.41200000048 21237817
230669.07500000298 21240713
230669.1000000015 21245057
230689.28899999708 21259537
230749.33900000155 21278361
230837.4200000018 21287049
231032.29100000113 21289945
231052.64599999785 21307321
231052.66099999845 21310217
231072.83100000024 21326145
231109.4530000016 21346417
231189.42300000042 21356553
231304.68999999762 21359449
231317.1169999987 21375377
231346.688000001 21395649
231366.90299999714 21418817
231405.44900000095 21436193
231405.47399999946 21440537
231473.43100000173 21446329
231596.62099999934 21447777
231673.20400000364 21465153
231741.40600000322 21485425
231808.80799999833 21491217
231828.87799999863 21505697
231869.3669999987 21525969
231909.29600000381 21536105
231993.4600000009 21553481
232012.9580000043 21559273
232081.46500000358 21570857
232161.45000000298 21580993
232167.4919999987 21583889
232217.66600000113 21602713
232218.04999999702 21608505
232277.46100000292 21625881
232397.44099999964 21631673
232402.811999999 21633121
232402.82500000298 21636017
232453.22600000352 21650497
232453.3580000028 21656289
232490.90100000054 21669321
232553.3980000019 21691041
232629.0700000003 21696833
232629.16799999774 21698281
232629.1799999997 21701177
232693.44900000095 21715657
232752.26900000125 21721449
232772.65200000256 21740273
232804.23200000077 21759097
232865.50100000203 21764889
232865.51600000262 21766337
233007.73099999875 21767785
233007.8660000041 21782265
233069.41399999708 21799641
233070.10599999875 21809777
233089.638000004 21827153
233089.66200000048 21831497
233137.43200000376 21843081
233188.17400000244 21853217
233249.41700000316 21873489
233335.82699999958 21879281
233336.1230000034 21880729
233385.96299999952 21896657
233453.4549999982 21919825
233529.4149999991 21925617
233681.48600000143 21927065
233703.02099999785 21928513
233714.23200000077 21945889
233714.34899999946 21961817
233773.4849999994 21979193
233845.47399999946 21992225
233945.48200000077 21996569
233949.85700000077 21998017
234017.51200000197 22015393
234049.46299999952 22021185
234049.49899999797 22026977
234077.37900000066 22040009
234097.5799999982 22061729
234137.49400000274 22077657
234217.48799999803 22084897
234283.74700000137 22087793
234283.7730000019 22092137
234303.89599999785 22105169
234345.61999999732 22122545
234413.48399999738 22131233
234509.14699999988 22134129
234558.6230000034 22151505
234558.66000000387 22157297
234617.4280000031 22171777
234705.4750000015 22177569
234745.49700000137 22179017
234799.71700000018 22194945
234819.96400000155 22213769
234861.43900000304 22222457
234929.4219999984 22238385
234993.39699999988 22242729
235093.4149999991 22261553
235153.44200000167 22284721
235153.4580000043 22287617
235224.5869999975 22290513
235244.67499999702 22309337
235281.50400000066 22328161
235361.4849999994 22336849
235422.35300000012 22338297
235442.57100000232 22352777
235505.5300000012 22377393
235581.44900000095 22384633
235687.34799999744 22386081
235707.72900000215 22403457
235773.513000004 22417937
235909.61900000274 22428073
236016.95199999958 22430969
236064.49499999732 22432417
236084.75100000203 22449793
236145.72900000215 22472961
236154.38199999928 22478753
236154.40600000322 22483097
236165.88400000334 22496129
236217.47299999744 22514953
236289.5169999972 22525089
236368.96700000018 22527985
236413.88199999928 22541017
236413.92899999768 22548257
236473.6230000034 22562737
236509.375 22568529
236589.59700000286 22584457
236693.80399999768 22588801
236765.5300000012 22607625
236793.62600000203 22613417
236813.88899999857 22632241
236857.49899999797 22648169
236961.53700000048 22653961
236976.02600000054 22656857
237041.48900000006 22671337
237077.93200000376 22675681
237078.29100000113 22677129
237078.3030000031 22678577
237127.65900000185 22694505
237127.84799999744 22700297
237185.52099999785 22717673
237305.61200000346 22723465
237385.52600000054 22726361
237405.7580000013 22743737
237453.60400000215 22762561
237561.54800000042 22772697
237626.12600000203 22774145
237676.1799999997 22791521
237676.31599999964 22795865
237737.50400000066 22808897
237844.2480000034 22819033
237894.11400000006 22839305
237894.20400000364 22843649
237932.35100000352 22862473
237932.43400000036 22874057
237989.59600000083 22885641
238109.56400000304 22892881
238112.6569999978 22894329
238177.563000001 22910257
238213.68200000376 22914601
238233.86100000143 22934873
238233.88599999994 22939217
238264.07400000095 22950801
238321.52099999785 22971073
238394.28100000322 22976865
238521.7030000016 22978313
238541.79999999702 22997137
238589.51200000197 23004377
238673.51200000197 23018857
238740.53400000185 23023201
238740.9149999991 23024649
238761.21500000358 23040577
238783.56899999827 23062297
238783.61400000006 23069537
238841.62399999797 23082569
238929.6719999984 23088361
238965.47299999744 23089809
238965.5930000022 23104289
239029.53500000387 23120217
239065.70400000364 23128905
239185.0450000018 23130353
239185.07200000435 23134697
239205.09899999946 23149177
239249.50900000334 23165105
239347.936999999 23173793
239398.5469999984 23194065
239398.6499999985 23198409
239398.66200000048 23199857
239465.89400000125 23214337
239561.59799999744 23218681
239608.04800000042 23220129
239628.4130000025 23237505
239648.52099999785 23257777
239685.57400000095 23265017
239753.54399999976 23280945
239817.8180000037 23285289
239838.01200000197 23301217
239885.65100000054 23318593
239918.29399999976 23327281
239918.561999999 23328729
239918.57599999756 23330177
239981.6080000028 23347553
240085.05700000376 23351897
240197.6230000034 23366377
240198.19099999964 23370721
240247.84600000083 23382305
240247.93900000304 23395337
240305.5869999975 23402577
240425.63099999726 23408369
240460.31000000238 23409817
240480.5300000012 23428641
240510.00400000066 23443121
240581.54600000381 23448913
240680.29800000042 23450361
240680.36999999732 23460497
240700.54900000244 23469185
240730.47200000286 23488009
240769.46299999952 23511177
240769.56700000167 23525657
240829.62600000203 23534345
240917.6569999978 23540137
240934.81400000304 23541585
240997.6499999985 23558961
241066.12399999797 23564753
241116.08900000155 23580681
241116.16099999845 23590817
241136.23000000417 23598057
241173.57299999893 23616881
241253.62900000066 23625569
241312.31499999762 23627017
241312.72299999744 23644393
241377.61100000143 23655977
241473.63599999994 23669009
241520.06700000167 23673353
241540.28599999845 23692177
241601.68100000173 23712449
241633.25 23716793
241633.2749999985 23721137
241653.33900000155 23734169
241701.64699999988 23747201
241738.81700000167 23754441
241817.638000004 23755889
241944.33799999952 23757337
241964.5399999991 23774713
242029.6169999987 23786297
242125.65399999917 23794985
242130.1230000034 23796433
242197.63899999857 23812361
242230.56599999964 23816705
242281.82100000232 23831185
242345.72299999744 23851457
242437.688000001 23855801
242455.60899999738 23857249
242509.57599999756 23874625
242529.68900000304 23897793
242569.60400000215 23915169
242569.62099999934 23916617
242649.69099999964 23925305
242740.3980000019 23928201
242760.62600000203 23947025
242801.64299999923 23962953
242815.013000004 23971641
242881.7480000034 23981777
242977.78899999708 23990465
243076.34799999744 23991913
243201.62399999797 24009289
243357.7030000016 24013633
243368.3030000031 24015081
243388.55399999768 24033905
243449.66899999976 24046937
243517.62600000203 24058521
243742.5230000019 24062865
243856.61800000072 24075897
243876.9200000018 24096169
243917.72399999946 24112097
243958.31899999827 24120785
243958.69099999964 24123681
244017.71100000292 24141057
244105.63099999726 24146849
244236.4849999994 24148297
244313.64400000125 24159881
244421.72600000352 24162777
244423.77899999917 24164225
244517.74499999732 24177257
244533.83900000155 24184497
244601.70700000226 24200425
244737.66399999708 24207665
244761.87799999863 24209113
244782.06700000167 24227937
244816.87700000405 24239521
244816.89100000262 24242417
244873.71599999815 24246761
244993.77700000256 24248209
245067.46299999952 24249657
245087.67499999702 24267033
245117.96400000155 24287305
245118.07400000095 24295993
245185.77899999917 24307577
245261.91799999774 24319161
245476.7349999994 24322057
245533.32100000232 24333641
245553.46599999815 24353913
245621.81499999762 24369841
245621.83200000226 24372737
245687.94600000232 24378529
245887.42599999905 24379977
245907.5680000037 24398801
245965.84099999815 24413281
245985.7880000025 24420521
246041.67300000042 24435001
246041.68900000304 24437897
246157.75500000268 24440793
246253.36299999803 24442241
246329.7419999987 24461065
246481.7400000021 24465409
246615.2669999972 24466857
246736.0080000013 24485681
246736.1080000028 24490025
246833.93500000238 24503057
246854.2410000041 24527673
246917.75 24547945
247045.8049999997 24555185
247381.95899999887 24556633
247382.04100000113 24568217
247402.125 24574009
247432.4450000003 24592833
247501.7100000009 24608761
247645.78599999845 24611657
247754.25 24613105
247805.7749999985 24630481
247805.78899999708 24633377
247869.8299999982 24649305
247961.83900000155 24655097
247986.8650000021 24656545
248006.96299999952 24675369
248049.73700000346 24689849
248129.7650000006 24697089
248129.7819999978 24698537
248153.54600000381 24699985
248217.71299999952 24718809
248271.70899999887 24723153
248353.82200000435 24741977
248465.9050000012 24746321
248526.51799999923 24747769
248626.76900000125 24763697
248713.78599999845 24786865
248829.8599999994 24794105
248970.04299999774 24795553
249121.60400000215 24808585
249229.81499999762 24825961
249229.8299999982 24828857
249254.37700000405 24830305
249254.47399999946 24843337
249313.81000000238 24862161
249353.6700000018 24870849
249453.79999999702 24872297
249571.42700000107 24873745
249591.563000001 24894017
249649.81700000167 24909945
249769.80200000107 24918633
249933.84799999744 24921529
250021.83900000155 24936009
250137.89500000328 24938905
250139.78700000048 24940353
250217.89299999923 24956281
250217.90900000185 24959177
250325.7580000013 24960625
250431.38099999726 24962073
250443.26799999923 24978001
250541.78899999708 24995377
250741.77700000256 25004065
250784.5850000009 25006961
250853.85400000215 25022889
250853.86900000274 25024337
250953.8650000021 25027233
250986.36100000143 25028681
251086.02799999714 25046057
251285.8500000015 25050401
251387.01200000197 25051849
251387.1150000021 25066329
251457.8900000006 25082257
251479.91700000316 25089497
251541.84000000358 25106873
251607.8519999981 25112665
251682.00100000203 25128593
251833.79600000381 25132937
251931.92599999905 25134385
252085.8980000019 25148865
252085.93500000238 25154657
252205.98700000346 25160449
252339.5080000013 25163345
252445.8299999982 25179273
252599.0469999984 25183617
252709.8830000013 25202441
252849.8830000013 25206785
253208.49499999732 25208233
253337.89100000262 25219817
253489.66200000048 25228505
253509.88700000197 25245881
253581.84200000018 25264705
253661.83900000155 25270497
254054.06899999827 25271945
254074.23000000417 25284977
254193.91799999774 25302353
254341.85300000012 25306697
254666.64599999785 25308145
254666.77899999917 25322625
254757.92700000107 25334209
254877.86100000143 25347241
254946.43500000238 25350137
255417.78100000322 25351585
255437.9849999994 25368961
255509.86999999732 25376201
255609.94799999893 25392129
255701.94600000232 25397921
255745.88099999726 25399369
255825.97399999946 25408057
256296.4219999984 25409505
256296.84899999946 25410273
256474.05099999905 25415297
256576.53299999982 25425433
256689.9050000012 25437017
256833.91099999845 25448601
256934.66200000048 25451497
256954.8980000019 25465977
257017.96400000155 25474665
257018.00100000203 25480457
257093.9600000009 25490593
257137.17499999702 25493489
257137.2030000016 25494937
257225.91200000048 25512313
257409.92400000244 25516657
257498.12799999863 25518105
257610.0680000037 25536929
257700.08100000024 25541273
257700.19700000435 25542721
257700.21100000292 25545617
257765.9549999982 25562993
257861.93299999833 25571681
258365.35500000417 25574577
258654.67300000042 25574961
258674.98600000143 25586545
258881.9619999975 25590889
258943.41600000113 25605369
258943.45000000298 25610777
259017.9580000043 25620913
259146.34600000083 25629601
259222.24400000274 25646977
259325.96100000292 25651321
259534.04600000381 25652769
259544.8280000016 25654217
259622.00699999928 25671593
259729.97900000215 25675937
259798.54100000113 25677385
259870.07100000232 25690417
260014.25900000334 25694761
260064.62200000137 25696209
260084.75699999928 25713585
260138.0300000012 25725169
260230.04399999976 25738201
260230.05900000036 25741097
260313.8299999982 25742545
260418.06000000238 25755577
260550.0780000016 25759921
261176.3650000021 25761369
261809.35400000215 25761624
262659.3699999973 25761624
264339.3550000042 25761624
267679.36400000006 25761624
274339.3510000035 25761624
287638.41600000113 25761624
